0 0 0
2.16981 0.0833333 1.25021e-16
4.33962 0.166667 2.08422e-16
6.50943 0.25 3.451e-16
8.67925 0.333333 5.59855e-16
10.8491 0.416667 8.86576e-16
13.0189 0.5 1.37092e-15
15.1887 0.583333 2.07363e-15
17.3585 0.666667 3.07456e-15
19.5283 0.75 4.4777e-15
21.6981 0.833333 6.41712e-15
23.8679 0.916667 9.06435e-15
26.0377 1 1.26371e-14
28.2075 1.08333 1.741e-14
30.3774 1.16667 2.3727e-14
32.5472 1.25 3.20168e-14
34.717 1.33333 4.28108e-14
36.8868 1.41667 5.67644e-14
39.0566 1.5 7.46827e-14
41.2264 1.58333 9.75504e-14
43.3962 1.66667 1.26568e-13
45.566 1.75 1.63192e-13
47.7358 1.83333 2.09186e-13
49.9057 1.91667 2.66679e-13
52.0755 2 3.3823e-13
54.2453 2.08333 4.26913e-13
56.4151 2.16667 5.36403e-13
58.5849 2.25 6.71094e-13
60.7547 2.33333 8.36214e-13
62.9245 2.41667 1.03798e-12
65.0943 2.5 1.28378e-12
67.2642 2.58333 1.58235e-12
69.434 2.66667 1.944e-12
71.6038 2.75 2.38095e-12
73.7736 2.83333 2.90754e-12
75.9434 2.91667 3.54067e-12
78.1132 3 4.3002e-12
80.283 3.08333 5.20939e-12
82.4528 3.16667 6.29553e-12
84.6226 3.25 7.59053e-12
86.7925 3.33333 9.13168e-12
88.9623 3.41667 1.09625e-11
91.1321 3.5 1.31338e-11
93.3019 3.58333 1.57047e-11
95.4717 3.66667 1.87441e-11
97.6415 3.75 2.23318e-11
99.8113 3.83333 2.6561e-11
101.981 3.91667 3.15394e-11
104.151 4 3.73922e-11
106.321 4.08333 4.42644e-11
108.491 4.16667 5.23237e-11
110.66 4.25 6.17645e-11
112.83 4.33333 7.28114e-11
115 4.41667 8.57239e-11
117.17 4.5 1.00802e-10
119.34 4.58333 1.18391e-10
121.509 4.66667 1.38891e-10
123.679 4.75 1.62761e-10
125.849 4.83333 1.90532e-10
128.019 4.91667 2.22814e-10
130.189 5 2.60311e-10
132.358 5.08333 3.03831e-10
134.528 5.16667 3.54306e-10
136.698 5.25 4.12804e-10
138.868 5.33333 4.80556e-10
141.038 5.41667 5.58975e-10
143.208 5.5 6.49682e-10
145.377 5.58333 7.54541e-10
147.547 5.66667 8.75689e-10
149.717 5.75 1.01558e-09
151.887 5.83333 1.17703e-09
154.057 5.91667 1.36325e-09
156.226 6 1.57796e-09
158.396 6.08333 1.82539e-09
160.566 6.16667 2.11039e-09
162.736 6.25 2.43853e-09
164.906 6.33333 2.81618e-09
167.075 6.41667 3.25063e-09
169.245 6.5 3.75024e-09
171.415 6.58333 4.32457e-09
173.585 6.66667 4.98454e-09
175.755 6.75 5.74268e-09
177.925 6.83333 6.6133e-09
180.094 6.91667 7.61278e-09
182.264 7 8.75983e-09
184.434 7.08333 1.00759e-08
186.604 7.16667 1.15853e-08
188.774 7.25 1.33162e-08
190.943 7.33333 1.53006e-08
193.113 7.41667 1.75748e-08
195.283 7.5 2.01807e-08
197.453 7.58333 2.3166e-08
199.623 7.66667 2.65851e-08
201.792 7.75 3.05003e-08
203.962 7.83333 3.49826e-08
206.132 7.91667 4.01132e-08
208.302 8 4.59848e-08
210.472 8.08333 5.27032e-08
212.642 8.16667 6.03892e-08
214.811 8.25 6.91808e-08
216.981 8.33333 7.92352e-08
219.151 8.41667 9.07324e-08
221.321 8.5 1.03877e-07
223.491 8.58333 1.18904e-07
225.66 8.66667 1.3608e-07
227.83 8.75 1.55709e-07
230 8.83333 1.7814e-07
232.17 8.91667 2.03769e-07
234.34 9 2.33049e-07
236.509 9.08333 2.66497e-07
238.679 9.16667 3.04701e-07
240.849 9.25 3.48334e-07
243.019 9.33333 3.98163e-07
245.189 9.41667 4.55062e-07
247.358 9.5 5.20027e-07
249.528 9.58333 5.94198e-07
251.698 9.66667 6.78871e-07
253.868 9.75 7.75526e-07
256.038 9.83333 8.85849e-07
258.208 9.91667 1.01177e-06
260.377 10 1.15547e-06
262.547 10.0833 1.31946e-06
264.717 10.1667 1.5066e-06
266.887 10.25 1.72012e-06
269.057 10.3333 1.96376e-06
271.226 10.4167 2.24172e-06
273.396 10.5 2.55883e-06
275.566 10.5833 2.9206e-06
277.736 10.6667 3.33327e-06
279.906 10.75 3.80401e-06
282.075 10.8333 4.34096e-06
284.245 10.9167 4.95339e-06
286.415 11 5.6519e-06
288.585 11.0833 6.44855e-06
290.755 11.1667 7.3571e-06
292.925 11.25 8.39323e-06
295.094 11.3333 9.57483e-06
297.264 11.4167 1.09223e-05
299.434 11.5 1.24588e-05
301.604 11.5833 1.42109e-05
303.774 11.6667 1.62088e-05
305.943 11.75 1.84869e-05
308.113 11.8333 2.10845e-05
310.283 11.9167 2.40463e-05
312.453 12 2.74234e-05
314.623 12.0833 3.1274e-05
316.792 12.1667 3.56645e-05
318.962 12.25 4.06705e-05
321.132 12.3333 4.63784e-05
323.302 12.4167 5.28866e-05
325.472 12.5 6.03076e-05
327.642 12.5833 6.87696e-05
329.811 12.6667 7.84187e-05
331.981 12.75 8.9422e-05
334.151 12.8333 0.00010197
336.321 12.9167 0.000116281
338.491 13 0.000132602
340.66 13.0833 0.000151219
342.83 13.1667 0.000172456
345 13.25 0.000196683
347.17 13.3333 0.000224326
349.34 13.4167 0.000255871
351.509 13.5 0.000291874
353.679 13.5833 0.000332972
355.849 13.6667 0.000379896
358.019 13.75 0.000433486
360.189 13.8333 0.000494705
362.358 13.9167 0.000564658
364.528 14 0.000644621
366.698 14.0833 0.00073606
368.868 14.1667 0.000840666
371.038 14.25 0.000960393
373.208 14.3333 0.0010975
375.377 14.4167 0.00125459
377.547 14.5 0.0014347
379.717 14.5833 0.00164134
381.887 14.6667 0.00187859
384.057 14.75 0.0021512
386.226 14.8333 0.0024647
388.396 14.9167 0.00282553
390.566 15 0.00324121
392.736 15.0833 0.0037205
394.906 15.1667 0.00427363
397.075 15.25 0.00491251
399.245 15.3333 0.00565103
401.415 15.4167 0.00650529
403.585 15.5 0.00749399
405.755 15.5833 0.0086387
407.925 15.6667 0.00996426
410.094 15.75 0.0114991
412.264 15.8333 0.0132754
414.434 15.9167 0.0153297
416.604 16 0.0177027
418.774 16.0833 0.0204394
420.943 16.1667 0.0235891
423.113 16.25 0.0272048
425.283 16.3333 0.0313426
427.453 16.4167 0.0360605
429.623 16.5 0.0414174
431.792 16.5833 0.0474706
433.962 16.6667 0.0542743
436.132 16.75 0.0618767
438.302 16.8333 0.070318
440.472 16.9167 0.0796276
442.642 17 0.0898223
444.811 17.0833 0.100905
446.981 17.1667 0.112863
449.151 17.25 0.12567
451.321 17.3333 0.139285
453.491 17.4167 0.153654
455.66 17.5 0.168714
457.83 17.5833 0.184395
460 17.6667 0.200618
462.17 17.75 0.217306
464.34 17.8333 0.234378
466.509 17.9167 0.251755
468.679 18 0.269362
470.849 18.0833 0.287127
473.019 18.1667 0.304982
475.189 18.25 0.322866
477.358 18.3333 0.340722
479.528 18.4167 0.358499
481.698 18.5 0.376152
483.868 18.5833 0.393639
486.038 18.6667 0.410928
488.208 18.75 0.427985
490.377 18.8333 0.444785
492.547 18.9167 0.461307
494.717 19 0.47753
496.887 19.0833 0.493439
499.057 19.1667 0.509022
501.226 19.25 0.524269
503.396 19.3333 0.539171
505.566 19.4167 0.553724
507.736 19.5 0.567924
509.906 19.5833 0.581768
512.075 19.6667 0.595256
514.245 19.75 0.608388
516.415 19.8333 0.621166
518.585 19.9167 0.633592
520.755 20 0.64567
522.925 20.0833 0.657405
525.094 20.1667 0.6688
527.264 20.25 0.679861
529.434 20.3333 0.690594
531.604 20.4167 0.701004
533.774 20.5 0.711098
535.943 20.5833 0.720883
538.113 20.6667 0.730365
540.283 20.75 0.73955
542.453 20.8333 0.748447
544.623 20.9167 0.757062
546.792 21 0.765402
548.962 21.0833 0.773474
551.132 21.1667 0.781285
553.302 21.25 0.788842
555.472 21.3333 0.796152
557.642 21.4167 0.803222
559.811 21.5 0.810059
561.981 21.5833 0.81667
564.151 21.6667 0.82306
566.321 21.75 0.829237
568.491 21.8333 0.835207
570.66 21.9167 0.840977
572.83 22 0.846551
575 22.0833 0.851937
577.17 22.1667 0.85714
579.34 22.25 0.862166
581.509 22.3333 0.867021
583.679 22.4167 0.871709
585.849 22.5 0.876237
588.019 22.5833 0.880608
590.189 22.6667 0.88483
592.358 22.75 0.888905
594.528 22.8333 0.89284
596.698 22.9167 0.896638
598.868 23 0.900305
601.038 23.0833 0.903844
603.208 23.1667 0.90726
605.377 23.25 0.910557
607.547 23.3333 0.913738
609.717 23.4167 0.916809
611.887 23.5 0.919771
614.057 23.5833 0.92263
616.226 23.6667 0.925389
618.396 23.75 0.928051
620.566 23.8333 0.930619
622.736 23.9167 0.933096
624.906 24 0.935487
627.075 24.0833 0.937793
629.245 24.1667 0.940017
631.415 24.25 0.942163
633.585 24.3333 0.944233
635.755 24.4167 0.94623
637.925 24.5 0.948155
640.094 24.5833 0.950013
642.264 24.6667 0.951805
644.434 24.75 0.953533
646.604 24.8333 0.955199
648.774 24.9167 0.956807
650.943 25 0.958357
653.113 25.0833 0.959852
655.283 25.1667 0.961294
657.453 25.25 0.962684
659.623 25.3333 0.964025
661.792 25.4167 0.965318
663.962 25.5 0.966565
666.132 25.5833 0.967767
668.302 25.6667 0.968926
670.472 25.75 0.970044
672.642 25.8333 0.971122
674.811 25.9167 0.972161
676.981 26 0.973163
679.151 26.0833 0.97413
681.321 26.1667 0.975061
683.491 26.25 0.97596
685.66 26.3333 0.976826
687.83 26.4167 0.977661
690 26.5 0.978466
692.17 26.5833 0.979242
694.34 26.6667 0.97999
696.509 26.75 0.980712
698.679 26.8333 0.981407
700.849 26.9167 0.982078
703.019 27 0.982725
705.189 27.0833 0.983348
707.358 27.1667 0.983949
709.528 27.25 0.984528
711.698 27.3333 0.985086
713.868 27.4167 0.985625
716.038 27.5 0.986144
718.208 27.5833 0.986644
720.377 27.6667 0.987126
722.547 27.75 0.987591
724.717 27.8333 0.98804
726.887 27.9167 0.988472
729.057 28 0.988888
731.226 28.0833 0.98929
733.396 28.1667 0.989677
735.566 28.25 0.99005
737.736 28.3333 0.99041
739.906 28.4167 0.990756
742.075 28.5 0.99109
744.245 28.5833 0.991413
746.415 28.6667 0.991723
748.585 28.75 0.992022
750.755 28.8333 0.992311
752.925 28.9167 0.992589
755.094 29 0.992857
757.264 29.0833 0.993116
759.434 29.1667 0.993365
761.604 29.25 0.993605
763.774 29.3333 0.993836
765.943 29.4167 0.994059
768.113 29.5 0.994274
770.283 29.5833 0.994482
772.453 29.6667 0.994681
774.623 29.75 0.994874
776.792 29.8333 0.99506
778.962 29.9167 0.995238
781.132 30 0.995411
783.302 30.0833 0.995577
785.472 30.1667 0.995737
787.642 30.25 0.995892
789.811 30.3333 0.99604
791.981 30.4167 0.996184
794.151 30.5 0.996322
796.321 30.5833 0.996455
798.491 30.6667 0.996584
800.66 30.75 0.996708
802.83 30.8333 0.996827
805 30.9167 0.996942
807.17 31 0.997053
