# folder, Pressure [Pa], Abs. Loading [mol/kg framework], Abs. Loading [cm^3 (STP)/g framework], Error [mol/kg], Error [cm^3/g]
0 1 0.0007811161 0.0175079171 0.000789046 0.0178689
1 2.63654 0.0019895647 0.0445940554 0.00200976 0.0455136
2 6.95144 0.0051649987 0.1157681550 0.00521744 0.600016
3 18.328 0.0140523794 0.3149696920 0.014195 0.632137
4 48.3231 0.0343243018 0.7693440682 0.0346728 1.07914
5 127.407 0.0881549733 1.9759034338 0.08905 2.03054
6 335.916 0.1994324951 4.4700751089 0.201457 5.15785
7 885.834 0.4444885251 9.9627550224 0.449001 5.66856
8 2335.57 0.8248263208 18.4876371501 0.722403 3.33083
9 6157.83 1.1931933212 26.7442061640 0.388921 4.40647
10 16235.6 1.5861875389 35.5527690274 0.589161 5.12589
11 42806.3 2.2633094755 50.7297636935 0.754476 5.06674
12 112862 3.4897252896 78.2186180065 0.782351 12.9651
13 297622 5.0287878963 112.7151299477 0.827319 13.3622
14 784703 6.1362326065 137.5373688234 0.692084 9.97829
15 2.06893e+06 6.8743111133 154.0806425739 0.717828 6.08199
16 5.45487e+06 7.4688322592 167.4062251202 0.484218 9.27827
17 1.4382e+07 7.9910408161 179.1109950494 0.906545 8.62851
18 3.79193e+07 8.2305218335 184.4787167664 0.59363 4.22099
19 9.99979e+07 8.8414434574 198.1718992288 0.600107 3.18557
