0 1.00000 0.0012457856 0.0279230085
1 1.20447 0.0015142757 0.0339409396
2 1.45076 0.0017876186 0.0400676396
3 1.74741 0.0021909852 0.0491086892
4 2.10473 0.0025311447 0.0567330159
5 2.53511 0.0031766599 0.0712015787
6 3.05350 0.0038406461 0.0860841496
7 3.67785 0.0043510317 0.0975239199
8 4.42991 0.0057231082 0.1282776078
9 5.33575 0.0064467082 0.1444963619
10 6.42797 0.0084054539 0.1883996408
11 7.74238 0.0096587491 0.2164909685
12 9.32556 0.0113539654 0.2544875040
13 11.23248 0.0138429116 0.3102746850
14 13.52933 0.0163069914 0.3655045107
15 16.29584 0.0192184448 0.4307617546
16 19.62786 0.0262316543 0.5879556624
17 23.64141 0.0280917591 0.6296480072
18 28.47566 0.0357811049 0.8019968175
19 34.29844 0.0417851355 0.9365710148
20 41.31931 0.0515011800 1.1543462002
21 49.76838 0.0613684071 1.3755099884
22 59.94515 0.0698437952 1.5654771314
23 72.20288 0.0829276831 1.8587390783
24 86.96710 0.1070787008 2.4000594023
25 104.75036 0.1197346349 2.6837292032
26 126.16871 0.1402571806 3.1437210440
27 151.96800 0.1694278775 3.7975523363
28 183.04279 0.2070869887 4.6416427426
29 220.47184 0.2519861621 5.6480117254
30 265.60227 0.2680178859 6.0073463945
31 319.91329 0.3227331594 7.2337332073
32 385.32995 0.3646064996 8.1722812405
33 464.12318 0.4317674874 9.6776259902
34 559.02824 0.5092646158 11.4146447475
35 673.33299 0.5383083486 12.0656302693
36 811.01779 0.5851802678 13.1162163297
37 976.85673 0.7260226083 16.2730531347
38 1176.60682 0.8036494185 18.0129785755
39 1417.20230 0.8202674888 18.3854555997
40 1707.30263 0.8871126197 19.8837207443
41 2056.41612 0.9877674548 22.1397957771
42 2476.91719 1.0472052161 23.4720323158
43 2983.40337 1.0859457676 24.3403620989
44 3593.42117 1.1770175377 26.3816425446
45 4328.21285 1.2035815561 26.9770478076
46 5213.25656 1.2647139960 28.3472688347
47 6279.27621 1.3105787003 29.3752792046
48 7563.27820 1.3885835695 31.1236784507
49 9109.83611 1.4061873609 31.5182494027
50 10974.61327 1.4824115727 33.2267370395
51 13218.72944 1.5344225260 34.3925092852
52 15921.72806 1.6133530401 36.1616559140
53 19177.25077 1.6856394500 37.7818817508
54 23098.66262 1.7718957001 39.7152272500
55 27821.93451 1.8611748707 41.7163284135
56 33511.03276 1.9910942015 44.6283371444
57 40363.45195 2.1461276618 48.1032533635
58 48617.07083 2.2820239312 51.1492290486
59 58558.41019 2.4791098584 55.5667082410
60 70545.27632 2.7218207216 61.0068236433
61 84970.54958 2.9554683541 66.2437960117
62 102345.53854 3.2756420644 73.4201617895
63 123272.17566 3.5792526472 80.2252820283
64 148479.17623 3.8308981151 85.8656574427
65 178840.56686 4.2052498001 94.2563670315
66 215410.33003 4.4931871152 100.7101870293
67 259457.96918 4.8353157045 108.3786489320
68 312512.57895 5.0686998035 113.6097144678
69 376412.16292 5.3576711139 120.0867104114
70 453468.00736 5.6149101962 125.8524609624
71 546194.27147 5.8895900490 132.0091285219
72 657874.85352 6.0083402068 134.6707916779
73 792398.73706 6.2149175863 139.3010120532
74 954430.39834 6.4082820554 143.6350785729
75 1149594.69604 6.4985277411 145.6578431852
76 1384666.67393 6.6247740977 148.4875259588
77 1667806.75354 6.8222406685 152.9135368878
78 2008823.93132 6.9557828791 155.9067487575
79 2419593.23670 7.1248962217 159.6972511168
80 2914911.45015 7.1742346104 160.8031205661
81 3510924.67177 7.3543700491 164.8406719186
82 4228847.26627 7.3042481961 163.7172419218
83 5093572.45549 7.5081499172 168.2874901535
84 6135118.79851 7.6553510381 171.5868525071
85 7389643.12390 7.6531043659 171.5364956503
86 8900695.69833 7.8173751326 175.2184566315
87 10720732.05512 7.8475699844 175.8952433072
88 12912804.83660 8.0206850215 179.7754395510
89 15553247.23203 8.0853719747 181.2253313514
90 18736986.19869 8.1420605868 182.4959485282
91 22568371.66046 8.2098886527 184.0162451524
92 27183208.33478 8.2903044520 185.8186829263
93 32741698.27088 8.3532848933 187.2303250104
94 39436802.03082 8.4582906021 189.5839204217
95 47500937.23151 8.4811517101 190.0963287415
96 57214046.82126 8.6003087665 192.7671121138
97 68912628.04780 8.6185715511 193.1764537256
98 83004053.34081 8.5610349141 191.8868289387
99 99997925.62627 8.7417643760 195.9376947143
