# folder, Pressure [Pa], Abs. Loading [mol/kg framework], Abs. Loading [cm^3 (STP)/g framework], Error [mol/kg], Error [cm^3/g]
0 1 0.0010888826 0.0244061872 0.00109994 0.607881
1 1.38929 0.0015904928 0.0356492663 0.00160664 0.0363844
2 1.93048 0.0021655491 0.0485385639 0.00218753 0.0495395
3 2.68247 0.0030249268 0.0678006352 0.00305564 0.602361
4 3.72739 0.0042785433 0.0958991648 0.00432198 0.0978767
5 5.17935 0.0058501385 0.1311248623 0.00590953 0.133829
6 7.19574 0.0078713058 0.1764272569 0.00795122 0.602758
7 9.99874 0.0113000549 0.2532791574 0.0114148 0.830773
8 13.8936 0.0158314260 0.3548451973 0.0159922 0.838892
9 19.3057 0.0223340033 0.5005938084 0.0225608 0.714764
10 26.8259 0.0311310851 0.6977713871 0.0314471 0.95304
11 37.2697 0.0424825091 0.9522019288 0.0429138 1.22158
12 51.7876 0.0574636499 1.2879888555 0.0580471 2.21173
13 71.9607 0.0759866826 1.7031636609 0.0767581 2.79379
14 99.992 0.1083412566 2.4283582978 0.109441 2.54621
15 138.942 0.1560201135 3.4970310394 0.157604 3.70975
16 193.066 0.1898870372 4.2561234456 0.191815 5.2606
17 268.226 0.2609590843 5.8491305877 0.263608 3.92773
18 372.71 0.3522719303 7.8958145012 0.355848 5.14975
19 517.894 0.4213986207 9.4452184655 0.425677 4.44601
20 719.632 0.5454146141 12.2249099326 0.544181 4.69005
21 999.955 0.6681731929 14.9764177416 0.664709 5.52786
22 1389.25 0.7866076347 17.6310044468 0.683815 5.35599
23 1930.41 0.9098951884 20.3943686857 0.541019 5.15642
24 2682.38 1.0427661954 23.3725362139 0.495537 5.48743
25 3727.26 1.1431513389 25.6225663849 0.556482 6.25566
26 5179.17 1.2511034609 28.0422026309 0.583314 5.75599
27 7196.64 1.3305494596 29.8211798452 0.42343 5.2344
28 9998.4 1.4564923684 32.6457846208 0.505203 6.91484
29 13893.1 1.5524226598 34.7959638479 0.548361 6.72206
30 19305 1.6762219968 37.5707991842 0.645182 5.92263
31 26825 1.8330695648 41.0863767684 0.756453 6.93955
32 37274.3 2.0685376709 46.3641531882 0.745743 7.96058
33 51785.2 2.3404720039 52.4592827332 0.687467 11.3998
34 71957.4 2.7380084444 61.3696548703 0.662719 7.54124
35 99987.5 3.1835979116 71.3570863798 0.916191 10.6308
36 138936 3.7234851328 83.4581054629 0.807035 13.853
37 193057 4.2945669115 96.2583185998 0.835804 12.9385
38 268259 4.8512499556 108.7357988506 0.947783 11.716
39 372697 5.3224150431 119.2964816947 0.677439 11.2494
40 517875 5.7389953361 128.6337022780 0.820699 13.5067
41 719607 6.0915170924 136.5351163752 0.616362 7.56723
42 999919 6.4210942135 143.9222499739 0.698674 8.8725
43 1.38942e+06 6.7345125620 150.9472012356 0.622733 8.9113
44 1.93035e+06 6.9644974216 156.1020763029 0.632002 7.42392
45 2.68229e+06 7.1827964220 160.9950248032 0.507001 6.82453
46 3.72713e+06 7.4216350636 166.3483483234 0.437035 7.30288
47 5.17899e+06 7.5653534177 169.5696480266 0.556904 5.6532
48 7.19639e+06 7.7787288988 174.3522408845 0.69446 5.76353
49 9.99984e+06 7.8879304455 176.7998817030 0.545734 7.83166
