# folder, Pressure [Pa], Abs. Loading [mol/kg framework], Abs. Loading [cm^3 (STP)/g framework], Error [mol/kg], Error [cm^3/g]
0 1 0.0002574350 0.0057701408 0.000260049 0.00588913
1 1.38929 0.0002693879 0.0060380548 0.000272123 0.00616256
2 1.93048 0.0003865287 0.0086636445 0.000390453 0.0088423
3 2.68247 0.0005558246 0.0124582390 0.000561468 0.0127151
4 3.72739 0.0008078923 0.0181080791 0.000816094 0.0184815
5 5.17935 0.0010837497 0.0242911397 0.00109475 0.024792
6 7.19574 0.0015049901 0.0337328107 0.00152027 0.0344284
7 9.99874 0.0021851283 0.0489774117 0.00220731 0.604363
8 13.8936 0.0030974824 0.0694268962 0.00312893 0.0708585
9 19.3057 0.0041688619 0.0934407693 0.00421119 0.0953676
10 26.8259 0.0057022454 0.1278099891 0.00576014 0.130446
11 37.2697 0.0079887725 0.1790601523 0.00806988 0.182753
12 51.7876 0.0107061056 0.2399663904 0.0108148 0.244915
13 71.9607 0.0163030870 0.3654169958 0.0164686 0.650184
14 99.992 0.0218200507 0.4890740881 0.0220416 1.22997
15 138.942 0.0293561780 0.6579886624 0.0296542 0.933806
16 193.066 0.0422688223 0.9474123587 0.042698 1.76486
17 268.226 0.0611886705 1.3714813760 0.0618099 1.46701
18 372.71 0.0848425966 1.9016599032 0.085704 2.40016
19 517.894 0.0988414633 2.2154301620 0.099845 2.0703
20 719.632 0.1478688901 3.3143297168 0.14937 2.92311
21 999.955 0.1957914079 4.3884638692 0.197779 3.24736
22 1389.25 0.2673013239 5.9912853913 0.270015 4.13324
23 1930.41 0.3446543000 7.7250731225 0.348153 4.84059
24 2682.38 0.4654059900 10.4315985723 0.474615 6.19108
25 3727.26 0.5830843294 13.0692380178 0.589004 5.83655
26 5179.17 0.6636061681 14.8740525571 0.650115 4.92152
27 7196.64 0.8131469537 18.2258560998 0.676326 7.37836
28 9998.4 0.9223250398 20.6729710741 0.686714 6.29243
29 13893.1 1.0956112324 24.5570035927 0.591335 5.88837
30 19305 1.2749015950 28.5756134320 0.675764 8.12898
31 26825 1.3540090446 30.3487258876 0.549698 6.63615
32 37274.3 1.5194957124 34.0579400473 0.597508 6.75498
33 51785.2 1.7238318708 38.6379257444 0.689163 7.64167
34 71957.4 1.8753587104 42.0342446534 0.74302 7.1955
35 99987.5 2.1637449708 48.4981272997 0.745537 8.55378
36 138936 2.4899359777 55.8093646163 0.727611 9.87876
37 193057 2.8855799539 64.6773191050 0.673811 9.5361
38 268259 3.3247039044 74.5198326805 0.89288 11.175
39 372697 3.8291424778 85.8263066311 0.855252 14.6257
40 517875 4.3324711585 97.1079034746 0.806115 11.9815
41 719607 4.8477948780 108.6583568250 0.679658 10.8146
42 999919 5.3126670889 119.0779912859 0.643101 8.33306
43 1.38942e+06 5.6737210446 127.1706458921 0.746492 10.5077
44 1.93035e+06 6.0069427097 134.6394682117 0.689895 7.61945
45 2.68229e+06 6.4582680660 144.7554638021 0.802831 9.45801
46 3.72713e+06 6.5778514393 147.4358026308 0.666416 8.02404
47 5.17899e+06 6.8629563418 153.8261370024 0.653236 9.36349
48 7.19639e+06 6.9804720458 156.4601311411 0.594465 7.58289
49 9.99984e+06 7.2587626292 162.6977295276 0.438411 6.44395
