# folder, Pressure [Pa], Abs. Loading [mol/kg framework], Abs. Loading [cm^3 (STP)/g framework], Error [mol/kg], Error [cm^3/g]
0 1 0.0000016110 0.0000361092 1.62736e-06 3.68538e-05
1 1.38929 0.0000031520 0.0000706485 3.184e-06 7.21053e-05
2 1.93048 0.0000044828 0.0001004779 4.52831e-06 0.00010255
3 2.68247 0.0000070745 0.0001585666 7.14632e-06 0.000161836
4 3.72739 0.0000074247 0.0001664165 7.50008e-06 0.000169848
5 5.17935 0.0000110670 0.0002480547 1.11794e-05 0.00025317
6 7.19574 0.0000148493 0.0003328329 1.50001e-05 0.000339696
7 9.99874 0.0000242353 0.0005432085 2.44813e-05 0.00055441
8 13.8936 0.0000307494 0.0006892154 3.10616e-05 0.000703428
9 19.3057 0.0000406256 0.0009105807 4.10381e-05 0.000929358
10 26.8259 0.0000596776 0.0013376117 6.02835e-05 0.00136519
11 37.2697 0.0000799904 0.0017929020 8.08025e-05 0.00182987
12 51.7876 0.0001133314 0.0025402062 0.000114482 0.00259259
13 71.9607 0.0001578094 0.0035371351 0.000159412 0.00361007
14 99.992 0.0002188878 0.0049061460 0.00022111 0.00500731
15 138.942 0.0003197513 0.0071668981 0.000322998 0.00731468
16 193.066 0.0004333628 0.0097133842 0.000437763 0.00991368
17 268.226 0.0006004180 0.0134577549 0.000606514 0.609774
18 372.71 0.0008399688 0.0188270411 0.000848497 0.0192153
19 517.894 0.0011719078 0.0262671135 0.00118381 0.0268088
20 719.632 0.0015907715 0.0356555145 0.00160692 0.0363908
21 999.955 0.0022260015 0.0498935429 0.0022486 0.0509224
22 1389.25 0.0030862130 0.0691743044 0.00311755 0.0706007
23 1930.41 0.0042929328 0.0962216913 0.00433652 0.843524
24 2682.38 0.0059978762 0.1344362516 0.00605877 0.600181
25 3727.26 0.0083228500 0.1865481575 0.00840735 0.603832
26 5179.17 0.0114795274 0.2573018484 0.0115961 0.616147
27 7196.64 0.0159643810 0.3578252485 0.0161265 0.839322
28 9998.4 0.0221638441 0.4967798644 0.0223889 0.871024
29 13893.1 0.0308366344 0.6911715756 0.0311497 1.83012
30 19305 0.0424119821 0.9506211385 0.0428426 1.3794
31 26825 0.0589561882 1.3214425716 0.0595547 1.36514
32 37274.3 0.0811215732 1.8182569753 0.0819452 2.20202
33 51785.2 0.1117571110 2.5049211764 0.112892 2.48789
34 71957.4 0.1541163499 3.4543601299 0.155681 3.84097
35 99987.5 0.2112765374 4.7355471845 0.213422 3.16694
36 138936 0.2875271039 6.4446255330 0.290446 5.46263
37 193057 0.3881960940 8.7010178351 0.392137 6.90991
38 268259 0.5240235094 11.7454502305 0.524692 7.67661
39 372697 0.6932326816 15.5381005129 0.647608 6.10543
40 517875 0.9083306849 20.3593019425 0.736142 7.28495
41 719607 1.1660921987 26.1367622612 0.72885 12.2023
42 999919 1.4698499212 32.9451804863 0.623321 8.31179
43 1.38942e+06 1.8134581131 40.6468061663 0.706069 10.1439
44 1.93035e+06 2.1898044266 49.0822233089 0.715938 8.55113
45 2.68229e+06 2.5834001501 57.9042683098 0.851388 10.4711
46 3.72713e+06 2.9766350064 66.7182248420 0.919092 13.3427
47 5.17899e+06 3.3593378218 75.2961164659 0.788785 11.5333
48 7.19639e+06 3.7333086597 83.6782897566 0.77925 11.1996
49 9.99984e+06 4.0895907009 91.6639867878 0.664349 8.90885
