# folder, Pressure [Pa], Abs. Loading [mol/kg framework], Abs. Loading [cm^3 (STP)/g framework], Error [mol/kg], Error [cm^3/g]
0 1 0.0000077076 0.0001727579 7.78585e-06 0.00017632
1 2.63654 0.0000140138 0.0003141053 1.41561e-05 0.000320582
2 6.95144 0.0000350345 0.0007852632 3.53902e-05 0.000801456
3 18.328 0.0001008995 0.0022615582 0.000101924 0.00230819
4 48.3231 0.0002599563 0.0058266533 0.000262596 0.0059468
5 127.407 0.0006509417 0.0145901911 0.00065755 0.609569
6 335.916 0.0017496247 0.0392160465 0.00176739 0.0400247
7 885.834 0.0046792127 0.1048797593 0.00472672 0.107042
8 2335.57 0.0122256518 0.2740254626 0.0123498 0.279676
9 6157.83 0.0321589016 0.7208088396 0.0324854 1.65735
10 16235.6 0.0844150145 1.8920760881 0.085272 2.86813
11 42806.3 0.2174600675 4.8741446787 0.219668 5.24081
12 112862 0.5445740294 12.2060690885 0.543448 5.64774
13 297622 1.2589639598 28.2183876610 0.706539 11.4161
14 784703 2.4568164772 55.0670249353 0.701145 9.81318
15 2.06893e+06 3.7926279916 85.0078718231 0.69416 12.4463
16 5.45487e+06 4.9438032956 110.8102871682 0.803991 8.59231
17 1.4382e+07 5.8339045894 130.7609959800 0.748112 8.7364
18 3.79193e+07 6.5062175940 145.8302033602 0.584679 8.2276
19 9.99979e+07 7.1044862240 159.2397819232 0.692766 8.11531
