# folder, Pressure [Pa], Abs. Loading [mol/kg framework], Abs. Loading [cm^3 (STP)/g framework], Error [mol/kg], Error [cm^3/g]
0 1 0.0194679868 0.4363549846 0.0196656 0.681359
1 1.38929 0.0270510310 0.6063211534 0.0273257 1.12988
2 1.93048 0.0367748330 0.8242702156 0.0371482 1.02254
3 2.68247 0.0509638763 1.1423030872 0.0514813 1.80862
4 3.72739 0.0702120647 1.5737315162 0.0709249 2.16751
5 5.17935 0.0961664153 2.1554717004 0.0971427 2.7464
6 7.19574 0.1293919738 2.9001885616 0.130706 3.05401
7 9.99874 0.1729071504 3.8755366762 0.174663 3.36922
8 13.8936 0.2346328823 5.2590557325 0.237015 3.15252
9 19.3057 0.3049717268 6.8356288885 0.308068 4.20082
10 26.8259 0.3907309199 8.7578333614 0.394698 4.96642
11 37.2697 0.4887870549 10.9556611944 0.493749 4.26481
12 51.7876 0.5988149172 13.4218230320 0.604894 6.17044
13 71.9607 0.7255095628 16.2615537445 0.680787 5.53556
14 99.992 0.8382119890 18.7876631920 0.733129 5.61077
15 138.942 0.9533407427 21.3681562872 0.758839 5.36227
16 193.066 1.0511419873 23.5602710112 0.620559 6.14988
17 268.226 1.1370797928 25.4864788993 0.659717 6.09154
18 372.71 1.2099642501 27.1201093563 0.363207 4.00362
19 517.894 1.2782827426 28.6513983918 0.332849 3.90518
20 719.632 1.3281467865 29.7690498613 0.331478 1.98421
21 999.955 1.3788699212 30.9059569728 0.382716 3.52048
22 1389.25 1.4274855691 31.9956269252 0.431826 3.51859
23 1930.41 1.4816923471 33.2106163323 0.486583 3.83458
24 2682.38 1.5474643864 34.6848292271 0.551268 4.65262
25 3727.26 1.6310575357 36.5584840486 0.616129 6.40517
26 5179.17 1.7434979970 39.0787218204 0.674348 6.26587
27 7196.64 1.9043641465 42.6843717949 0.733132 7.20567
28 9998.4 2.1347848569 47.8490160078 0.680371 8.65228
29 13893.1 2.4727860186 55.4249658506 0.767314 10.3658
30 19305 2.9342681326 65.7686147621 0.731121 11.2487
31 26825 3.5286874324 79.0919145315 0.855484 14.2982
32 37274.3 4.2210403602 94.6102962622 0.661194 10.2453
33 51785.2 4.8958594288 109.7356744997 0.841148 14.6377
34 71957.4 5.4846145424 122.9320173391 0.899898 13.0417
35 99987.5 5.9646679387 133.6919225211 0.819057 10.4508
36 138936 6.3293506641 141.8659122837 0.820487 8.80965
37 193057 6.6578161674 149.2281301084 0.833703 11.6646
38 268259 6.9278695009 155.2810989755 0.669178 5.5525
39 372697 7.1673158277 160.6480431374 0.629469 7.71915
40 517875 7.3862209878 165.5545780880 0.465024 7.18766
41 719607 7.5776929570 169.8462261611 0.65461 6.93394
42 999919 7.7557350106 173.8368564322 0.684084 6.00487
43 1.38942e+06 7.9324227548 177.7971312455 0.766229 6.43602
44 1.93035e+06 8.0944304967 181.4283688443 0.886283 8.78468
45 2.68229e+06 8.2409489960 184.7124309331 0.424514 5.0158
46 3.72713e+06 8.3800876790 187.8310820002 0.686085 7.08717
47 5.17899e+06 8.5211174533 190.9921199404 0.526408 5.19416
48 7.19639e+06 8.6413583378 193.6871962094 0.728454 12.7132
49 9.99984e+06 8.7632352506 196.4189423765 0.431431 7.50541
