# folder, Pressure [Pa], Abs. Loading [mol/kg framework], Abs. Loading [cm^3 (STP)/g framework], Error [mol/kg], Error [cm^3/g]
0 1 0.0000226226 0.0005070620 2.28523e-05 0.000517518
1 1.38929 0.0000136796 0.0003066140 1.38185e-05 0.000312937
2 1.93048 0.0000182395 0.0004088187 1.84247e-05 0.000417249
3 2.68247 0.0000192416 0.0004312806 1.9437e-05 0.000440174
4 3.72739 0.0000274306 0.0006148291 2.77091e-05 0.000627507
5 5.17935 0.0000319190 0.0007154327 3.22431e-05 0.000730185
6 7.19574 0.0000731483 0.0016395442 7.38909e-05 0.00167335
7 9.99874 0.0000669776 0.0015012338 6.76576e-05 0.00153219
8 13.8936 0.0001091525 0.0024465410 0.000110261 0.00249699
9 19.3057 0.0001504755 0.0033727540 0.000152003 0.0034423
10 26.8259 0.0002389799 0.0053564892 0.000241406 0.00546694
11 37.2697 0.0003187813 0.0071451555 0.000322018 0.00729249
12 51.7876 0.0004505191 0.0100979246 0.000455093 0.0103062
13 71.9607 0.0005711774 0.0128023553 0.000576976 0.0130663
14 99.992 0.0007342845 0.0164582345 0.000741739 0.0167976
15 138.942 0.0010717222 0.0240215563 0.0010826 0.0245169
16 193.066 0.0015188100 0.0340425702 0.00153423 0.0347446
17 268.226 0.0020329217 0.0455658580 0.00205356 0.60479
18 372.71 0.0028574002 0.0640456994 0.00288641 0.0653664
19 517.894 0.0041012561 0.0919254556 0.00414289 0.600684
20 719.632 0.0051670006 0.1158130266 0.00521946 0.118201
21 999.955 0.0071941108 0.1612486239 0.00726715 0.834542
22 1389.25 0.0103472081 0.2319220709 0.0104523 1.00354
23 1930.41 0.0152079568 0.3408707747 0.0153624 0.837018
24 2682.38 0.0210866442 0.4726355318 0.0213007 1.33182
25 3727.26 0.0278895234 0.6251151019 0.0281727 1.31125
26 5179.17 0.0394498442 0.8842278520 0.0398504 1.25863
27 7196.64 0.0554106678 1.2419733637 0.0559732 1.38899
28 9998.4 0.0808881514 1.8130250640 0.0817094 1.64916
29 13893.1 0.1040514878 2.3322075248 0.105108 1.89349
30 19305 0.1503445574 3.3698192630 0.151871 2.75861
31 26825 0.1925879660 4.3166619996 0.194543 4.28291
32 37274.3 0.2658198119 5.9580788166 0.285763 3.8017
33 51785.2 0.3600424604 8.0699829749 0.371468 5.47107
34 71957.4 0.4756214696 10.6605680851 0.482517 6.44645
35 99987.5 0.6498450585 14.5656113820 0.618052 7.32194
36 138936 0.8322299006 18.6535808080 0.670145 7.42623
37 193057 1.0608493997 23.7778527178 0.644849 6.87456
38 268259 1.3187194724 29.5577462718 0.69184 10.4099
39 372697 1.6482330256 36.9434550620 0.625255 9.63394
40 517875 1.9379360475 43.4368515692 0.818761 8.63813
41 719607 2.2563353463 50.5734457310 0.741621 8.44102
42 999919 2.6645581251 59.7233411937 0.709769 8.75408
43 1.38942e+06 3.0164241262 67.6100572098 0.764287 9.59865
44 1.93035e+06 3.4160820265 76.5679796928 0.79653 13.2836
45 2.68229e+06 3.7650932332 84.3907084173 0.794172 10.6825
46 3.72713e+06 4.1928265755 93.9779131762 0.755294 10.1089
47 5.17899e+06 4.5144489598 101.1867494992 0.676549 9.42941
48 7.19639e+06 4.8640815189 109.0234051991 0.871585 11.1172
49 9.99984e+06 5.1360829250 115.1200381195 0.719259 10.9779
