# folder, Pressure [Pa], Abs. Loading [mol/kg framework], Abs. Loading [cm^3 (STP)/g framework], Error [mol/kg], Error [cm^3/g]
0 1 0.0000121801 0.0002730034 1.23038e-05 0.000278633
1 1.38929 0.0000168256 0.0003771296 1.69964e-05 0.000384906
2 1.93048 0.0000185539 0.0004158674 1.87423e-05 0.000424443
3 2.68247 0.0000231694 0.0005193184 2.34046e-05 0.000530027
4 3.72739 0.0000301202 0.0006751139 3.0426e-05 0.000689035
5 5.17935 0.0000422283 0.0009465036 4.2657e-05 0.000966021
6 7.19574 0.0000631575 0.0014156108 6.37987e-05 0.0014448
7 9.99874 0.0000857835 0.0019221137 8.66544e-05 0.00196175
8 13.8936 0.0001264405 0.0028340350 0.000127724 0.00289247
9 19.3057 0.0001565488 0.0035088810 0.000158138 0.00358124
10 26.8259 0.0002330043 0.0052225527 0.00023537 0.00533025
11 37.2697 0.0003275890 0.0073425718 0.000330915 0.00749398
12 51.7876 0.0004361512 0.0097758820 0.000440579 0.00997747
13 71.9607 0.0005988817 0.0134233209 0.000604962 0.0137001
14 99.992 0.0008207391 0.0183960266 0.000829072 0.0187754
15 138.942 0.0011950055 0.0267758269 0.00120714 0.027328
16 193.066 0.0016641848 0.0373009973 0.00168108 0.0380702
17 268.226 0.0023224275 0.0520548340 0.00234601 0.603994
18 372.71 0.0032494334 0.0728327217 0.00328242 0.0743346
19 517.894 0.0044265095 0.0992156760 0.00447145 0.842998
20 719.632 0.0061395996 0.1376128369 0.00620193 1.63166
21 999.955 0.0086064683 0.1929051723 0.00869385 1.0095
22 1389.25 0.0119035474 0.2668058229 0.0120244 0.831113
23 1930.41 0.0166740719 0.3737322443 0.0168434 0.6535
24 2682.38 0.0230473476 0.5165826902 0.0232813 1.2277
25 3727.26 0.0320720638 0.7188624601 0.0323977 1.5349
26 5179.17 0.0444416066 0.9961130920 0.0448928 1.13381
27 7196.64 0.0614839787 1.3781004084 0.0621082 1.50086
28 9998.4 0.0850714838 1.9067901738 0.0859352 2.1983
29 13893.1 0.1180250176 2.6454098832 0.119223 2.89837
30 19305 0.1619323009 3.6295466661 0.163576 2.67376
31 26825 0.2231311644 5.0011409504 0.225397 4.68108
32 37274.3 0.3031829674 6.7955356774 0.306261 4.65457
33 51785.2 0.4124444242 9.2445193209 0.420899 6.21915
34 71957.4 0.5433362669 12.1783259088 0.537454 8.10975
35 99987.5 0.7373956190 16.5279675198 0.624601 9.2168
36 138936 0.9560577144 21.4290544239 0.697101 7.52457
37 193057 1.2375813742 27.7391189065 0.67005 10.0147
38 268259 1.5400250974 34.5180851829 0.567502 9.84192
39 372697 1.9134193934 42.8873358776 0.771693 12.1663
40 517875 2.2877331705 51.2771958008 0.704486 9.99446
41 719607 2.6830149347 60.1370316771 0.748727 13.2922
42 999919 3.0416159165 68.1747053865 0.93405 10.7155
43 1.38942e+06 3.3901930015 75.9877037154 0.759899 9.60217
44 1.93035e+06 3.7124295374 83.2103056161 0.738232 9.06112
45 2.68229e+06 4.0192141544 90.0865685815 0.756685 9.38407
46 3.72713e+06 4.3114289918 96.6362648598 0.445338 6.71652
47 5.17899e+06 4.6078902170 103.2811395713 0.681389 9.79232
48 7.19639e+06 4.8514942594 108.7412746688 0.704234 9.42942
49 9.99984e+06 5.1290884526 114.9632641832 0.654093 9.79582
