# folder, Pressure [Pa], Abs. Loading [mol/kg framework], Abs. Loading [cm^3 (STP)/g framework], Error [mol/kg], Error [cm^3/g]
0 1 0.0007489816 0.0167876543 0.000756586 0.0171338
1 2.63654 0.0019750335 0.0442683521 0.00199509 0.0451812
2 6.95144 0.0050678306 0.1135902333 0.0347166 0.786201
3 18.328 0.0132939497 0.2979702667 0.053235 1.08684
4 48.3231 0.0347381608 0.7786202928 0.0830259 1.93102
5 127.407 0.0874708902 1.9605704112 0.128758 2.30013
6 335.916 0.2089878863 4.6842494143 0.143981 3.41716
7 885.834 0.4622594233 10.3610715040 0.269787 6.12414
8 2335.57 0.8285931002 18.5720656533 0.282347 7.71113
9 6157.83 1.2206413207 27.3594249597 0.27376 6.62363
10 16235.6 1.6222200866 36.3604016778 0.200262 5.02152
11 42806.3 2.2891934694 51.3099269039 0.372043 7.77515
12 112862 3.5190669368 78.8762809753 0.683293 13.6603
13 297622 4.9719758455 111.4417460178 0.55675 10.6855
14 784703 6.0671023724 135.9878854333 0.429374 10.9302
15 2.06893e+06 6.8480532151 153.4920986820 0.453026 8.39038
16 5.45487e+06 7.4109255566 166.1083056924 0.32396 6.65426
17 1.4382e+07 7.8937705064 176.9307806867 0.328621 5.94147
18 3.79193e+07 8.3112041431 186.2871280957 0.259149 7.57034
19 9.99979e+07 8.6829009222 194.6183306900 0.345316 6.76427
