# folder, Pressure [Pa], Abs. Loading [mol/kg framework], Abs. Loading [cm^3 (STP)/g framework], Error [mol/kg], Error [cm^3/g]
0 1 0.0000022478 0.0000503818 2.27062e-06 5.14207e-05
1 1.38929 0.0000044236 0.0000991514 4.46851e-06 0.000101196
2 1.93048 0.0000050173 0.0001124569 5.06824e-06 0.000114776
3 2.68247 0.0000059941 0.0001343515 6.05496e-06 0.000137122
4 3.72739 0.0000120711 0.0002705623 1.21937e-05 0.000276141
5 5.17935 0.0000179209 0.0004016796 1.81028e-05 0.000409963
6 7.19574 0.0000240691 0.0005394838 2.43135e-05 0.000550608
7 9.99874 0.0000323151 0.0007243091 3.26432e-05 0.000739245
8 13.8936 0.0000404479 0.0009065979 4.08585e-05 0.000925293
9 19.3057 0.0000504163 0.0011300296 5.09282e-05 0.00115333
10 26.8259 0.0000734646 0.0016466345 7.42105e-05 0.00168059
11 37.2697 0.0001072806 0.0024045857 0.00010837 0.00245417
12 51.7876 0.0001562015 0.0035010967 0.000157787 0.611668
13 71.9607 0.0002183155 0.0048933191 0.000220532 0.00499422
14 99.992 0.0002803144 0.0062829602 0.00028316 0.00641252
15 138.942 0.0003864122 0.0086610345 0.000390335 0.00883963
16 193.066 0.0005629649 0.0126182826 0.00056868 0.0128785
17 268.226 0.0007596473 0.0170267168 0.00076736 0.0173778
18 372.71 0.0010647712 0.0238657554 0.00107558 0.0243579
19 517.894 0.0014961047 0.0335336537 0.00151129 0.0342251
20 719.632 0.0020611437 0.0461984255 0.00208207 0.60471
21 999.955 0.0027822836 0.0623620364 0.00281053 0.063648
22 1389.25 0.0037650790 0.0843903902 0.0038033 0.0861306
23 1930.41 0.0051942155 0.1164230194 0.00524695 0.118824
24 2682.38 0.0072914161 0.1634296242 0.00736544 0.1668
25 3727.26 0.0101692571 0.2279334816 0.0102725 0.610029
26 5179.17 0.0140366611 0.3146173826 0.0141792 0.996065
27 7196.64 0.0196213685 0.4397928772 0.0198206 0.855325
28 9998.4 0.0269596934 0.6042739135 0.0272334 1.12964
29 13893.1 0.0377118268 0.8452719719 0.0380947 2.08146
30 19305 0.0519496984 1.1643992808 0.0524771 1.87879
31 26825 0.0721623164 1.6174444101 0.0728949 4.06092
32 37274.3 0.1006644059 2.2562895523 0.101686 2.24773
33 51785.2 0.1365638279 3.0614579160 0.13795 4.33445
34 71957.4 0.1882765280 4.2200255322 0.190188 3.60423
35 99987.5 0.2586518731 5.7974168117 0.261278 4.97656
36 138936 0.3529223617 7.9103932553 0.364828 5.19658
37 193057 0.4699231774 10.5328467020 0.475985 7.38015
38 268259 0.6177820076 13.8469509346 0.588368 6.64892
39 372697 0.8186688462 18.3496236636 0.680279 10.2392
40 517875 1.0574175388 23.7009310699 0.656475 8.75949
41 719607 1.3363173178 29.9521839524 0.639174 10.5289
42 999919 1.6642659743 37.3028171855 0.701184 11.1983
43 1.38942e+06 2.0553719253 46.0690564851 0.739707 10.5081
44 1.93035e+06 2.4000874667 53.7955022702 0.736854 10.882
45 2.68229e+06 2.8069805756 62.9155945447 0.813424 11.9446
46 3.72713e+06 3.2132009669 72.0206085438 0.789233 9.71514
47 5.17899e+06 3.5801437739 80.2452557216 0.812498 10.2273
48 7.19639e+06 3.9255764455 87.9877752446 0.772725 9.70531
49 9.99984e+06 4.3093794199 96.5903258053 0.640744 9.60945
