10 0.5253099393 3.00000 0.00323114 4.663e-05 263.269
11 0.8755165655 5.00000 0.00177446 6.836e-05 263.306
12 0.5253099393 3.00000 0.00224125 5.715e-05 263.357
13 0.7004132524 4.00000 0.00114033 5.789e-05 263.192
14 0.8755165655 5.00000 0.00192533 2.77e-05 263.198
17 0.8755165655 5.00000 0.00444061 8.32e-05 263.250
9 0.3502066262 2.00000 0.000754112 5.133e-05 262.754
15 1.0506198786 6.00000 0.00381534 9.158e-06 263.022
16 1.0506198786 6.00000 0.00132377 7.813e-05 263.325
18 1.4008265048 8.00000 0.00608501 4.746e-05 263.460
19 1.4008265048 8.00000 0.00627317 3.895e-05 263.162
20 1.2257231917 7.00000 0.00193765 2.201e-05 263.239
21 1.4008265048 8.00000 0.00340462 3.41e-05 263.202
22 1.4008265048 8.00000 0.00723282 4.489e-05 263.086
23 1.7510331310 10.00000 0.0632359 0.0001715 263.162
24 1.5759298179 9.00000 0.0328214 0.0001298 263.234
25 1.5759298179 9.00000 0.0354483 0.0002478 263.003
26 1.4008265048 8.00000 0.00729603 6.702e-05 263.223
27 1.5759298179 9.00000 0.0368925 0.000215 263.408
28 2.4514463834 14.00000 0.0934641 0.0001538 263.270
29 2.4514463834 14.00000 0.0944225 0.0001245 262.985
31 2.2763430703 13.00000 0.0925438 0.0001172 262.994
30 3.3269629489 19.00000 0.0962776 0.0001855 263.249
32 3.8522728883 22.00000 0.0912686 0.0003987 263.103
33 4.5526861407 26.00000 0.0723102 0.000277 263.027
34 5.7784093324 33.00000 0.0554901 0.0002706 263.099
35 6.4788225848 37.00000 0.0408967 0.0003342 262.984
36 6.4788225848 37.00000 0.0395857 0.0003452 263.084
37 6.3037192717 36.00000 0.0446073 0.0003382 263.272
38 7.0041325241 40.00000 0.0342549 0.0002696 263.099
39 7.3543391503 42.00000 0.0313422 0.0003547 263.283
40 7.5294424634 43.00000 0.0306946 0.0002102 263.062
41 7.3543391503 42.00000 0.0313041 0.0003132 263.081
43 7.5294424634 43.00000 0.0288919 0.0002201 262.690
42 8.2298557158 47.00000 0.022088 0.000208 263.171
44 8.4049590289 48.00000 0.018794 0.0002127 262.944
45 8.4049590289 48.00000 0.0206126 0.0001517 263.234
46 8.5800623420 49.00000 0.0168982 0.0001846 263.074
47 8.2298557158 47.00000 0.0209692 0.0001873 263.229
48 8.7551656551 50.00000 0.0162327 0.0001557 263.219
49 8.9302689682 51.00000 0.0147133 0.0001656 263.112
