0 0.1751033131 1.00000 0.0278919 0.0002548 333.404
20 0.3502066262 2.00000 0.0213221 7.856e-05 332.576
23 0.5253099393 3.00000 0.0161511 5.4e-05 333.054
24 0.8755165655 5.00000 0.0343857 0.0001017 333.270
25 0.3502066262 2.00000 0.0184318 9.448e-05 333.688
27 0.7004132524 4.00000 0.0240237 0.0001031 333.206
26 1.2257231917 7.00000 0.0299115 0.0001583 333.026
28 1.2257231917 7.00000 0.0436583 0.0004456 333.439
29 1.4008265048 8.00000 0.0605656 0.0002589 332.297
30 1.2257231917 7.00000 0.040884 0.000159 333.248
31 1.7510331310 10.00000 0.0860526 0.0003354 333.111
32 1.2257231917 7.00000 0.0768981 0.000483 333.298
33 1.7510331310 10.00000 0.0882155 0.000659 333.094
35 1.5759298179 9.00000 0.0784409 0.0002935 333.521
34 2.4514463834 14.00000 0.156251 0.0009186 333.036
36 2.2763430703 13.00000 0.147222 0.0002058 333.303
37 3.3269629489 19.00000 0.142006 0.0007178 333.003
38 3.3269629489 19.00000 0.145602 0.0004328 334.010
39 3.1518596358 18.00000 0.156408 0.0009136 333.555
41 4.3775828276 25.00000 0.108126 0.0004855 333.017
40 5.2530993931 30.00000 0.0918131 0.0003226 333.583
42 5.6033060193 32.00000 0.0742204 0.0003709 332.754
43 5.7784093324 33.00000 0.0755009 0.0004684 332.700
46 5.7784093324 33.00000 0.066079 0.0006732 333.276
44 6.3037192717 36.00000 0.0636574 0.0003057 332.666
45 6.8290292110 39.00000 0.0599198 0.0002581 333.482
47 6.8290292110 39.00000 0.0642703 0.0001563 332.852
48 6.8290292110 39.00000 0.0511933 0.0004056 333.013
49 7.3543391503 42.00000 0.0467042 0.0004157 333.789
