14 0.5253099393 3.00000 0.0203388 5.561e-05 303.165
16 0.5253099393 3.00000 0.00632337 4.941e-05 303.289
18 0.5253099393 3.00000 0.00347723 3.288e-05 303.251
20 0.3502066262 2.00000 0.00609547 4.748e-05 303.135
21 0.3502066262 2.00000 0.00520489 5.061e-05 302.724
22 0.3502066262 2.00000 0.00444327 6.943e-05 303.281
23 0.8755165655 5.00000 0.00759479 8.335e-05 302.986
24 1.2257231917 7.00000 0.00922319 0.0001495 303.063
26 1.2257231917 7.00000 0.0191587 0.0001272 302.964
27 1.4008265048 8.00000 0.0206833 0.0002166 303.222
28 1.9261364441 11.00000 0.102681 0.000607 303.273
29 1.4008265048 8.00000 0.034158 9.839e-05 303.029
30 1.7510331310 10.00000 0.128177 0.00109 302.966
31 2.2763430703 13.00000 0.117601 0.0003459 303.055
32 2.6265496965 15.00000 0.151663 0.0004793 303.056
33 2.2763430703 13.00000 0.136225 0.0003816 303.271
35 2.8016530096 16.00000 0.133391 0.0005034 302.907
34 3.8522728883 22.00000 0.119911 0.0004931 303.267
36 4.3775828276 25.00000 0.0904873 0.000446 303.291
37 4.5526861407 26.00000 0.0994164 0.0003122 303.157
38 4.2024795145 24.00000 0.0988312 0.0005368 302.829
39 5.0779960800 29.00000 0.0809095 0.0003105 302.672
40 5.2530993931 30.00000 0.0848324 0.0004213 302.757
42 5.9535126455 34.00000 0.0643034 0.0002551 303.249
41 6.6539258979 38.00000 0.0491973 0.0003544 303.691
43 6.3037192717 36.00000 0.0534619 0.000504 302.643
44 7.1792358372 41.00000 0.0434965 0.0002712 303.318
45 7.3543391503 42.00000 0.0381688 0.0002504 303.181
46 7.5294424634 43.00000 0.038501 0.0002333 303.167
47 7.8796490896 45.00000 0.0358691 0.0002896 302.833
48 7.3543391503 42.00000 0.0368101 0.0004763 302.954
49 8.5800623420 49.00000 0.0274059 0.0001669 302.995
