0 0.1751033131 1.00000 0.0108733 0.0001871 313.688
18 0.3502066262 2.00000 0.00729258 0.0001348 313.402
24 0.5253099393 3.00000 0.0206157 0.0001868 312.815
25 0.7004132524 4.00000 0.0189032 6.197e-05 314.054
26 0.7004132524 4.00000 0.0130612 9.377e-05 313.750
28 0.8755165655 5.00000 0.00689133 0.0001623 312.945
23 1.0506198786 6.00000 0.0104084 0.0003226 313.321
29 1.2257231917 7.00000 0.0202028 0.0001079 312.836
27 1.4008265048 8.00000 0.0193524 0.0001995 313.706
31 1.5759298179 9.00000 0.0418563 0.0003423 313.072
30 1.7510331310 10.00000 0.0813859 0.0003044 312.970
32 1.7510331310 10.00000 0.0932319 0.0005347 313.469
34 2.1012397572 12.00000 0.142728 0.000442 313.405
33 2.8016530096 16.00000 0.14084 0.001853 313.675
36 3.1518596358 18.00000 0.144738 0.0007623 312.498
37 3.3269629489 19.00000 0.124679 0.001076 312.605
35 3.8522728883 22.00000 0.112197 0.0003753 313.469
38 3.8522728883 22.00000 0.10353 0.0007857 313.106
40 4.7277894538 27.00000 0.105806 0.0007534 313.558
39 5.0779960800 29.00000 0.0924693 0.0009536 313.629
42 5.9535126455 34.00000 0.0536943 0.0006634 313.915
43 6.6539258979 38.00000 0.0405991 0.0004615 312.726
45 6.6539258979 38.00000 0.0487222 0.0003499 313.480
46 6.8290292110 39.00000 0.0538778 0.0005819 313.942
47 6.8290292110 39.00000 0.0562178 0.0003411 313.437
48 7.7045457765 44.00000 0.0296134 0.0008244 312.701
49 7.7045457765 44.00000 0.0285002 0.0003595 313.387
