24 0.3502066262 2.00000 0.311458 0.001195 262.957
30 0.3502066262 2.00000 0.356586 0.002308 263.400
31 0.7004132524 4.00000 0.351183 0.0006483 262.832
33 0.7004132524 4.00000 0.386558 0.001927 263.662
34 0.7004132524 4.00000 0.344345 0.0002615 263.426
32 1.0506198786 6.00000 0.31966 0.001266 263.082
35 1.9261364441 11.00000 0.336413 0.001133 263.090
36 1.4008265048 8.00000 0.371372 0.0007323 263.271
37 2.2763430703 13.00000 0.312192 0.0004895 263.047
38 2.9767563227 17.00000 0.249726 0.0002881 263.111
39 3.3269629489 19.00000 0.228034 0.0007748 263.207
40 3.8522728883 22.00000 0.180025 0.0002412 263.234
41 3.6771695751 21.00000 0.193145 0.0005757 262.900
42 4.2024795145 24.00000 0.147001 0.0003606 263.150
43 4.7277894538 27.00000 0.133514 0.0001177 263.215
44 4.3775828276 25.00000 0.147452 0.0002258 263.353
45 5.0779960800 29.00000 0.112198 0.0001899 263.294
46 5.0779960800 29.00000 0.115554 0.000165 263.209
47 5.7784093324 33.00000 0.088619 0.0001888 263.198
48 5.7784093324 33.00000 0.0860566 0.0001912 263.143
49 5.0779960800 29.00000 0.111154 0.0001696 263.237
