31 0.5253099393 3.00000 0.543274 0.00039 302.737
32 0.7004132524 4.00000 0.554085 0.0005875 302.969
33 0.7004132524 4.00000 0.526403 0.0003287 303.466
34 0.5253099393 3.00000 0.438088 0.001154 302.631
36 0.5253099393 3.00000 0.509861 0.001623 303.435
35 1.4008265048 8.00000 0.47857 0.0003712 303.088
37 1.4008265048 8.00000 0.430545 0.001046 303.434
38 1.4008265048 8.00000 0.424519 0.001899 302.829
39 1.0506198786 6.00000 0.469235 0.0008388 302.855
40 1.9261364441 11.00000 0.39807 0.0006152 303.029
42 2.8016530096 16.00000 0.313065 0.0001937 302.836
41 3.3269629489 19.00000 0.259771 0.0001782 303.529
43 3.6771695751 21.00000 0.225605 0.0003395 303.200
44 3.6771695751 21.00000 0.227945 0.0001992 302.974
45 4.5526861407 26.00000 0.158059 0.0002547 303.023
46 4.7277894538 27.00000 0.15629 0.0001438 303.193
47 4.2024795145 24.00000 0.182031 0.0002164 303.098
48 4.5526861407 26.00000 0.16666 0.0001476 303.046
49 5.4282027062 31.00000 0.122282 0.0001611 303.337

