0 0.1751033131 1.00000 0.546559 0.0009631 312.738
33 0.5253099393 3.00000 0.570636 0.0008274 312.538
34 0.5253099393 3.00000 0.541712 0.0008083 313.345
35 0.5253099393 3.00000 0.593938 0.001526 312.901
36 0.8755165655 5.00000 0.522824 0.00132 312.828
37 0.5253099393 3.00000 0.488223 0.002186 313.059
38 1.2257231917 7.00000 0.484722 0.0007558 313.249
39 1.4008265048 8.00000 0.476802 0.00239 312.921
41 1.9261364441 11.00000 0.411925 0.00124 312.283
40 2.4514463834 14.00000 0.376208 0.0009512 312.684
42 2.8016530096 16.00000 0.349827 0.0002706 313.243
43 2.8016530096 16.00000 0.362647 0.0008266 312.953
44 3.6771695751 21.00000 0.234338 0.0002507 312.442
46 3.5020662620 20.00000 0.232533 0.0009942 313.008
47 3.8522728883 22.00000 0.225564 0.000628 313.143
45 4.3775828276 25.00000 0.166299 0.0005935 313.215
48 4.7277894538 27.00000 0.165654 0.0001691 313.117
49 5.0779960800 29.00000 0.141896 0.0003107 313.474
