32 0.3502066262 2.00000 0.593094 0.002053 333.741
39 0.8755165655 5.00000 0.574233 0.001158 333.541
38 1.0506198786 6.00000 0.523513 0.001641 332.936
40 1.9261364441 11.00000 0.473625 0.0003306 333.296
41 2.2763430703 13.00000 0.405734 0.0003546 332.969
42 2.2763430703 13.00000 0.411439 0.0002365 333.028
43 2.4514463834 14.00000 0.391125 0.0005451 333.450
45 2.9767563227 17.00000 0.305666 0.0009574 333.186
47 2.6265496965 15.00000 0.378199 0.0004624 333.148
44 3.3269629489 19.00000 0.272359 0.0004192 333.292
46 3.8522728883 22.00000 0.231573 0.0002569 333.094
48 4.7277894538 27.00000 0.16837 0.0003392 333.062
49 5.0779960800 29.00000 0.153947 0.000229 333.235
