0 0 0
2.16981 0.0833333 0.0460258
4.33962 0.166667 0.0870091
6.50943 0.25 0.134645
8.67925 0.333333 0.186867
10.8491 0.416667 0.241893
13.0189 0.5 0.29821
15.1887 0.583333 0.354569
17.3585 0.666667 0.409968
19.5283 0.75 0.46363
21.6981 0.833333 0.514976
23.8679 0.916667 0.563599
26.0377 1 0.609234
28.2075 1.08333 0.651735
30.3774 1.16667 0.69105
32.5472 1.25 0.727202
34.717 1.33333 0.760267
36.8868 1.41667 0.790366
39.0566 1.5 0.817648
41.2264 1.58333 0.842279
43.3962 1.66667 0.864439
45.566 1.75 0.884311
47.7358 1.83333 0.902077
49.9057 1.91667 0.917917
52.0755 2 0.932003
54.2453 2.08333 0.9445
56.4151 2.16667 0.955561
58.5849 2.25 0.965332
60.7547 2.33333 0.973945
62.9245 2.41667 0.981524
65.0943 2.5 0.98818
67.2642 2.58333 0.994017
69.434 2.66667 0.999126
71.6038 2.75 1.00359
73.7736 2.83333 1.00749
75.9434 2.91667 1.01089
78.1132 3 1.01384
80.283 3.08333 1.01641
82.4528 3.16667 1.01864
84.6226 3.25 1.02057
86.7925 3.33333 1.02225
88.9623 3.41667 1.0237
91.1321 3.5 1.02495
93.3019 3.58333 1.02602
95.4717 3.66667 1.02695
97.6415 3.75 1.02775
99.8113 3.83333 1.02844
101.981 3.91667 1.02903
104.151 4 1.02954
106.321 4.08333 1.02997
108.491 4.16667 1.03035
110.66 4.25 1.03066
112.83 4.33333 1.03093
115 4.41667 1.03116
117.17 4.5 1.03136
119.34 4.58333 1.03153
121.509 4.66667 1.03167
123.679 4.75 1.03179
125.849 4.83333 1.03189
128.019 4.91667 1.03198
130.189 5 1.03205
132.358 5.08333 1.03211
134.528 5.16667 1.03216
136.698 5.25 1.0322
138.868 5.33333 1.03224
141.038 5.41667 1.03227
143.208 5.5 1.03229
145.377 5.58333 1.03231
147.547 5.66667 1.03233
149.717 5.75 1.03234
151.887 5.83333 1.03235
154.057 5.91667 1.03236
156.226 6 1.03237
158.396 6.08333 1.03237
160.566 6.16667 1.03237
162.736 6.25 1.03238
164.906 6.33333 1.03238
167.075 6.41667 1.03238
169.245 6.5 1.03238
171.415 6.58333 1.03238
173.585 6.66667 1.03237
175.755 6.75 1.03237
177.925 6.83333 1.03237
180.094 6.91667 1.03237
182.264 7 1.03237
184.434 7.08333 1.03236
186.604 7.16667 1.03236
188.774 7.25 1.03236
190.943 7.33333 1.03236
193.113 7.41667 1.03235
195.283 7.5 1.03235
197.453 7.58333 1.03235
199.623 7.66667 1.03235
201.792 7.75 1.03234
203.962 7.83333 1.03234
206.132 7.91667 1.03234
208.302 8 1.03234
210.472 8.08333 1.03233
212.642 8.16667 1.03233
214.811 8.25 1.03233
216.981 8.33333 1.03233
219.151 8.41667 1.03232
221.321 8.5 1.03232
223.491 8.58333 1.03232
225.66 8.66667 1.03232
227.83 8.75 1.03232
230 8.83333 1.03231
232.17 8.91667 1.03231
234.34 9 1.03231
236.509 9.08333 1.03231
238.679 9.16667 1.03231
240.849 9.25 1.0323
243.019 9.33333 1.0323
245.189 9.41667 1.0323
247.358 9.5 1.0323
249.528 9.58333 1.0323
251.698 9.66667 1.0323
253.868 9.75 1.03229
256.038 9.83333 1.03229
258.208 9.91667 1.03229
260.377 10 1.03229
262.547 10.0833 1.03229
264.717 10.1667 1.03229
266.887 10.25 1.03228
269.057 10.3333 1.03228
271.226 10.4167 1.03228
273.396 10.5 1.03228
275.566 10.5833 1.03228
277.736 10.6667 1.03228
279.906 10.75 1.03228
282.075 10.8333 1.03227
284.245 10.9167 1.03227
286.415 11 1.03227
288.585 11.0833 1.03227
290.755 11.1667 1.03227
292.925 11.25 1.03227
295.094 11.3333 1.03227
297.264 11.4167 1.03227
299.434 11.5 1.03226
301.604 11.5833 1.03226
303.774 11.6667 1.03226
305.943 11.75 1.03226
308.113 11.8333 1.03226
310.283 11.9167 1.03226
312.453 12 1.03226
314.623 12.0833 1.03226
316.792 12.1667 1.03226
318.962 12.25 1.03226
321.132 12.3333 1.03225
323.302 12.4167 1.03225
325.472 12.5 1.03225
327.642 12.5833 1.03225
329.811 12.6667 1.03225
331.981 12.75 1.03225
334.151 12.8333 1.03225
336.321 12.9167 1.03225
338.491 13 1.03225
340.66 13.0833 1.03225
342.83 13.1667 1.03225
345 13.25 1.03225
347.17 13.3333 1.03224
349.34 13.4167 1.03224
351.509 13.5 1.03224
353.679 13.5833 1.03224
355.849 13.6667 1.03224
358.019 13.75 1.03224
360.189 13.8333 1.03224
362.358 13.9167 1.03224
364.528 14 1.03224
366.698 14.0833 1.03224
368.868 14.1667 1.03224
371.038 14.25 1.03224
373.208 14.3333 1.03224
375.377 14.4167 1.03224
377.547 14.5 1.03224
379.717 14.5833 1.03223
381.887 14.6667 1.03223
384.057 14.75 1.03223
386.226 14.8333 1.03223
388.396 14.9167 1.03223
390.566 15 1.03223
392.736 15.0833 1.03223
394.906 15.1667 1.03223
397.075 15.25 1.03223
399.245 15.3333 1.03223
401.415 15.4167 1.03223
403.585 15.5 1.03223
405.755 15.5833 1.03223
407.925 15.6667 1.03223
410.094 15.75 1.03223
412.264 15.8333 1.03223
414.434 15.9167 1.03223
416.604 16 1.03223
418.774 16.0833 1.03223
420.943 16.1667 1.03223
423.113 16.25 1.03222
425.283 16.3333 1.03222
427.453 16.4167 1.03222
429.623 16.5 1.03222
431.792 16.5833 1.03222
433.962 16.6667 1.03222
436.132 16.75 1.03222
438.302 16.8333 1.03222
440.472 16.9167 1.03222
442.642 17 1.03222
444.811 17.0833 1.03222
446.981 17.1667 1.03222
449.151 17.25 1.03222
451.321 17.3333 1.03222
453.491 17.4167 1.03222
455.66 17.5 1.03222
457.83 17.5833 1.03222
460 17.6667 1.03222
462.17 17.75 1.03222
464.34 17.8333 1.03222
466.509 17.9167 1.03222
468.679 18 1.03222
470.849 18.0833 1.03222
473.019 18.1667 1.03222
475.189 18.25 1.03222
477.358 18.3333 1.03222
479.528 18.4167 1.03222
481.698 18.5 1.03221
483.868 18.5833 1.03221
486.038 18.6667 1.03221
488.208 18.75 1.03221
490.377 18.8333 1.03221
492.547 18.9167 1.03221
494.717 19 1.03221
496.887 19.0833 1.03221
499.057 19.1667 1.03221
501.226 19.25 1.03221
503.396 19.3333 1.03221
505.566 19.4167 1.03221
507.736 19.5 1.03221
509.906 19.5833 1.03221
512.075 19.6667 1.03221
514.245 19.75 1.03221
516.415 19.8333 1.03221
518.585 19.9167 1.03221
520.755 20 1.03221
522.925 20.0833 1.03221
525.094 20.1667 1.03221
527.264 20.25 1.03221
529.434 20.3333 1.03221
531.604 20.4167 1.03221
533.774 20.5 1.03221
535.943 20.5833 1.03221
538.113 20.6667 1.03221
540.283 20.75 1.03221
542.453 20.8333 1.03221
544.623 20.9167 1.03221
546.792 21 1.03221
548.962 21.0833 1.03221
551.132 21.1667 1.03221
553.302 21.25 1.03221
555.472 21.3333 1.03221
557.642 21.4167 1.0322
559.811 21.5 1.0322
561.981 21.5833 1.0322
564.151 21.6667 1.0322
566.321 21.75 1.0322
568.491 21.8333 1.0322
570.66 21.9167 1.0322
572.83 22 1.0322
575 22.0833 1.0322
577.17 22.1667 1.0322
579.34 22.25 1.0322
581.509 22.3333 1.0322
583.679 22.4167 1.0322
585.849 22.5 1.0322
588.019 22.5833 1.0322
590.189 22.6667 1.0322
592.358 22.75 1.0322
594.528 22.8333 1.0322
596.698 22.9167 1.0322
598.868 23 1.0322
601.038 23.0833 1.0322
603.208 23.1667 1.0322
605.377 23.25 1.0322
607.547 23.3333 1.03219
609.717 23.4167 1.03219
611.887 23.5 1.03219
614.057 23.5833 1.03219
616.226 23.6667 1.03219
618.396 23.75 1.03219
620.566 23.8333 1.03219
622.736 23.9167 1.03219
624.906 24 1.03219
627.075 24.0833 1.03219
629.245 24.1667 1.03219
631.415 24.25 1.03218
633.585 24.3333 1.03218
635.755 24.4167 1.03218
637.925 24.5 1.03218
640.094 24.5833 1.03218
642.264 24.6667 1.03218
644.434 24.75 1.03218
646.604 24.8333 1.03217
648.774 24.9167 1.03217
650.943 25 1.03217
653.113 25.0833 1.03217
655.283 25.1667 1.03217
657.453 25.25 1.03216
659.623 25.3333 1.03216
661.792 25.4167 1.03216
663.962 25.5 1.03216
666.132 25.5833 1.03215
668.302 25.6667 1.03215
670.472 25.75 1.03215
672.642 25.8333 1.03214
674.811 25.9167 1.03214
676.981 26 1.03214
679.151 26.0833 1.03213
681.321 26.1667 1.03213
683.491 26.25 1.03212
685.66 26.3333 1.03212
687.83 26.4167 1.03211
690 26.5 1.03211
692.17 26.5833 1.0321
694.34 26.6667 1.03209
696.509 26.75 1.03208
698.679 26.8333 1.03208
700.849 26.9167 1.03207
703.019 27 1.03206
705.189 27.0833 1.03205
707.358 27.1667 1.03204
709.528 27.25 1.03203
711.698 27.3333 1.03201
713.868 27.4167 1.032
716.038 27.5 1.03198
718.208 27.5833 1.03197
720.377 27.6667 1.03195
722.547 27.75 1.03193
724.717 27.8333 1.03191
726.887 27.9167 1.03189
729.057 28 1.03187
731.226 28.0833 1.03184
733.396 28.1667 1.03181
735.566 28.25 1.03178
737.736 28.3333 1.03175
739.906 28.4167 1.03172
742.075 28.5 1.03168
744.245 28.5833 1.03164
746.415 28.6667 1.03159
748.585 28.75 1.03155
750.755 28.8333 1.0315
752.925 28.9167 1.03144
755.094 29 1.03138
757.264 29.0833 1.03132
759.434 29.1667 1.03125
761.604 29.25 1.03118
763.774 29.3333 1.0311
765.943 29.4167 1.03102
768.113 29.5 1.03093
770.283 29.5833 1.03083
772.453 29.6667 1.03072
774.623 29.75 1.03061
776.792 29.8333 1.0305
778.962 29.9167 1.03037
781.132 30 1.03024
783.302 30.0833 1.03009
785.472 30.1667 1.02994
787.642 30.25 1.02978
789.811 30.3333 1.02962
791.981 30.4167 1.02944
794.151 30.5 1.02925
796.321 30.5833 1.02905
798.491 30.6667 1.02884
800.66 30.75 1.02863
802.83 30.8333 1.0284
805 30.9167 1.02816
807.17 31 1.02791
809.34 31.0833 1.02765
811.509 31.1667 1.02738
813.679 31.25 1.02711
815.849 31.3333 1.02682
818.019 31.4167 1.02652
820.189 31.5 1.02621
822.358 31.5833 1.02589
824.528 31.6667 1.02557
826.698 31.75 1.02523
828.868 31.8333 1.02489
831.038 31.9167 1.02454
833.208 32 1.02418
835.377 32.0833 1.02382
837.547 32.1667 1.02345
839.717 32.25 1.02308
841.887 32.3333 1.02269
844.057 32.4167 1.02231
846.226 32.5 1.02192
848.396 32.5833 1.02153
850.566 32.6667 1.02113
852.736 32.75 1.02074
854.906 32.8333 1.02034
857.075 32.9167 1.01994
859.245 33 1.01954
861.415 33.0833 1.01914
863.585 33.1667 1.01875
865.755 33.25 1.01835
867.925 33.3333 1.01795
870.094 33.4167 1.01756
872.264 33.5 1.01717
874.434 33.5833 1.01678
876.604 33.6667 1.0164
878.774 33.75 1.01602
880.943 33.8333 1.01565
883.113 33.9167 1.01528
885.283 34 1.01491
887.453 34.0833 1.01455
889.623 34.1667 1.01419
891.792 34.25 1.01384
893.962 34.3333 1.0135
896.132 34.4167 1.01316
898.302 34.5 1.01283
900.472 34.5833 1.0125
902.642 34.6667 1.01218
904.811 34.75 1.01186
906.981 34.8333 1.01156
909.151 34.9167 1.01125
911.321 35 1.01096
913.491 35.0833 1.01067
915.66 35.1667 1.01038
917.83 35.25 1.01011
920 35.3333 1.00983
922.17 35.4167 1.00957
924.34 35.5 1.00931
926.509 35.5833 1.00906
928.679 35.6667 1.00881
930.849 35.75 1.00857
933.019 35.8333 1.00833
935.189 35.9167 1.0081
937.358 36 1.00788
939.528 36.0833 1.00766
941.698 36.1667 1.00745
943.868 36.25 1.00724
946.038 36.3333 1.00704
948.208 36.4167 1.00684
950.377 36.5 1.00665
952.547 36.5833 1.00646
954.717 36.6667 1.00628
956.887 36.75 1.0061
959.057 36.8333 1.00593
961.226 36.9167 1.00576
963.396 37 1.0056
965.566 37.0833 1.00544
967.736 37.1667 1.00528
969.906 37.25 1.00513
972.075 37.3333 1.00498
974.245 37.4167 1.00484
976.415 37.5 1.0047
978.585 37.5833 1.00457
980.755 37.6667 1.00444
982.925 37.75 1.00431
985.094 37.8333 1.00418
987.264 37.9167 1.00406
989.434 38 1.00395
991.604 38.0833 1.00383
993.774 38.1667 1.00372
995.943 38.25 1.00361
998.113 38.3333 1.00351
1000.28 38.4167 1.00341
1002.45 38.5 1.00331
1004.62 38.5833 1.00321
1006.79 38.6667 1.00312
1008.96 38.75 1.00303
1011.13 38.8333 1.00294
1013.3 38.9167 1.00285
1015.47 39 1.00277
1017.64 39.0833 1.00269
1019.81 39.1667 1.00261
1021.98 39.25 1.00253
1024.15 39.3333 1.00246
1026.32 39.4167 1.00239
1028.49 39.5 1.00232
1030.66 39.5833 1.00225
1032.83 39.6667 1.00218
1035 39.75 1.00212
1037.17 39.8333 1.00205
1039.34 39.9167 1.00199
1041.51 40 1.00194
1043.68 40.0833 1.00188
1045.85 40.1667 1.00182
1048.02 40.25 1.00177
1050.19 40.3333 1.00172
1052.36 40.4167 1.00167
1054.53 40.5 1.00162
1056.7 40.5833 1.00157
1058.87 40.6667 1.00152
1061.04 40.75 1.00148
1063.21 40.8333 1.00143
1065.38 40.9167 1.00139
1067.55 41 1.00135
1069.72 41.0833 1.00131
1071.89 41.1667 1.00127
1074.06 41.25 1.00123
1076.23 41.3333 1.0012
1078.4 41.4167 1.00116
1080.57 41.5 1.00113
1082.74 41.5833 1.00109
1084.91 41.6667 1.00106
1087.08 41.75 1.00103
1089.25 41.8333 1.001
1091.42 41.9167 1.00097
1093.58 42 1.00094
1095.75 42.0833 1.00091
1097.92 42.1667 1.00088
1100.09 42.25 1.00086
1102.26 42.3333 1.00083
1104.43 42.4167 1.00081
1106.6 42.5 1.00078
1108.77 42.5833 1.00076
1110.94 42.6667 1.00074
1113.11 42.75 1.00072
1115.28 42.8333 1.00069
1117.45 42.9167 1.00067
1119.62 43 1.00065
1121.79 43.0833 1.00063
1123.96 43.1667 1.00062
1126.13 43.25 1.0006
1128.3 43.3333 1.00058
1130.47 43.4167 1.00056
1132.64 43.5 1.00055
1134.81 43.5833 1.00053
1136.98 43.6667 1.00051
1139.15 43.75 1.0005
1141.32 43.8333 1.00048
1143.49 43.9167 1.00047
1145.66 44 1.00045
1147.83 44.0833 1.00044
1150 44.1667 1.00043
1152.17 44.25 1.00041
1154.34 44.3333 1.0004
1156.51 44.4167 1.00039
1158.68 44.5 1.00038
1160.85 44.5833 1.00037
1163.02 44.6667 1.00036
1165.19 44.75 1.00035
1167.36 44.8333 1.00034
1169.53 44.9167 1.00033
1171.7 45 1.00032
1173.87 45.0833 1.00031
1176.04 45.1667 1.0003
1178.21 45.25 1.00029
1180.38 45.3333 1.00028
1182.55 45.4167 1.00027
1184.72 45.5 1.00026
1186.89 45.5833 1.00026
1189.06 45.6667 1.00025
1191.23 45.75 1.00024
1193.4 45.8333 1.00023
1195.57 45.9167 1.00023
1197.74 46 1.00022
1199.91 46.0833 1.00021
1202.08 46.1667 1.00021
1204.25 46.25 1.0002
1206.42 46.3333 1.00019
1208.58 46.4167 1.00019
1210.75 46.5 1.00018
1212.92 46.5833 1.00018
1215.09 46.6667 1.00017
1217.26 46.75 1.00017
1219.43 46.8333 1.00016
1221.6 46.9167 1.00016
1223.77 47 1.00015
1225.94 47.0833 1.00015
1228.11 47.1667 1.00014
1230.28 47.25 1.00014
1232.45 47.3333 1.00013
1234.62 47.4167 1.00013
1236.79 47.5 1.00013
1238.96 47.5833 1.00012
1241.13 47.6667 1.00012
1243.3 47.75 1.00012
1245.47 47.8333 1.00011
1247.64 47.9167 1.00011
1249.81 48 1.00011
1251.98 48.0833 1.0001
1254.15 48.1667 1.0001
1256.32 48.25 1.0001
1258.49 48.3333 1.00009
1260.66 48.4167 1.00009
1262.83 48.5 1.00009
1265 48.5833 1.00009
1267.17 48.6667 1.00008
1269.34 48.75 1.00008
1271.51 48.8333 1.00008
1273.68 48.9167 1.00008
1275.85 49 1.00007
1278.02 49.0833 1.00007
1280.19 49.1667 1.00007
1282.36 49.25 1.00007
1284.53 49.3333 1.00006
1286.7 49.4167 1.00006
1288.87 49.5 1.00006
1291.04 49.5833 1.00006
1293.21 49.6667 1.00006
1295.38 49.75 1.00006
1297.55 49.8333 1.00005
1299.72 49.9167 1.00005
1301.89 50 1.00005
1304.06 50.0833 1.00005
1306.23 50.1667 1.00005
1308.4 50.25 1.00005
1310.57 50.3333 1.00004
1312.74 50.4167 1.00004
1314.91 50.5 1.00004
1317.08 50.5833 1.00004
1319.25 50.6667 1.00004
