# folder, Pressure [Pa], Abs. Loading [mol/kg framework], Abs. Loading [cm^3 (STP)/g framework], Error [mol/kg], Error [cm^3/g]
0 1 0.0027836225 0.0623920481 0.00281188 0.0636786
1 1.20447 0.0033845309 0.0758607927 0.00341889 0.0774251
2 1.45076 0.0041091371 0.0921020986 0.00415086 0.600675
3 1.74741 0.0049161151 0.1101896853 0.00496603 0.112462
4 2.10473 0.0059033167 0.1323167965 0.00596325 0.135045
5 2.53511 0.0071795201 0.1609215904 0.00725241 0.601452
6 3.0535 0.0084236434 0.1888073396 0.00850916 0.192701
7 3.67785 0.0102849953 0.2305276356 0.0103894 0.830719
8 4.42991 0.0121593754 0.2725399455 0.0122828 0.27816
9 5.33575 0.0149895072 0.3359744515 0.0151417 0.836418
10 6.42797 0.0180579291 0.4047499843 0.0182413 1.67262
11 7.74238 0.0218618140 0.4900101678 0.0220838 1.12254
12 9.32556 0.0259007668 0.5805391597 0.0261637 1.22491
13 11.2325 0.0311226245 0.6975817498 0.0314386 1.05295
14 13.5293 0.0369631116 0.8284902862 0.0373384 1.1775
15 16.2958 0.0447659541 1.0033830106 0.0452204 1.38485
16 19.6279 0.0538347935 1.2066517555 0.0543814 1.83516
17 23.6414 0.0628699545 1.4091656365 0.0635082 2.16552
18 28.4757 0.0746888902 1.6740749740 0.0754472 1.60348
19 34.2984 0.0910350385 2.0404571442 0.0919593 3.28584
20 41.3193 0.1084817636 2.4315076175 0.109583 2.37157
21 49.7684 0.1284541111 2.8791673312 0.129758 2.28513
22 59.9451 0.1529374550 3.4279364079 0.15449 2.821
23 72.2029 0.1785291128 4.0015472042 0.180342 3.3727
24 86.9671 0.2097153055 4.7005537715 0.211844 3.71196
25 104.75 0.2532384497 5.6760804697 0.255809 3.57984
26 126.169 0.2896198014 6.4915312043 0.29256 4.58337
27 151.968 0.3327665071 7.4586204194 0.336145 4.45161
28 183.043 0.3828807738 8.5818803783 0.386768 5.53206
29 220.472 0.4405827036 9.8752100340 0.450472 6.07547
30 265.602 0.4954887276 11.1058723233 0.500887 4.67282
31 319.913 0.5689013564 12.7513412058 0.569762 4.9686
32 385.33 0.6295983475 14.1118020915 0.627618 5.01629
33 464.123 0.6923986851 15.5194073349 0.6766 6.28434
34 559.028 0.7647972428 17.1421468518 0.691349 6.66696
35 673.333 0.8281845531 18.5629084885 0.752286 6.21437
36 811.018 0.8999305469 20.1710214523 0.659268 5.60024
37 976.857 0.9633557906 21.5926333267 0.754152 6.61381
38 1176.61 1.0174907452 22.8060128863 0.599489 5.06272
39 1417.2 1.0872644524 24.3699190668 0.625532 5.40259
40 1707.3 1.1402339583 25.5571762884 0.700316 7.15656
41 2056.42 1.1895687533 26.6629651873 0.511698 5.28004
42 2476.92 1.2381110955 27.7509920670 0.296616 3.80865
43 2983.4 1.2808783278 28.7095757739 0.419667 5.03447
44 3593.42 1.3295585478 29.8006930449 0.422545 5.10216
45 4328.21 1.3690731663 30.6863727457 0.458192 4.56877
46 5213.26 1.4090968003 31.5834615082 0.45594 4.59702
47 6279.28 1.4543065672 32.5967921274 0.499558 5.71501
48 7563.28 1.5062811250 33.7617486056 0.511421 4.15686
49 9109.84 1.5540819142 34.8331543342 0.555749 5.84772
50 10974.6 1.6087950989 36.0594943291 0.607712 5.26092
51 13218.7 1.6750047754 37.5435164127 0.665959 5.23572
52 15921.7 1.7503109740 39.2314277226 0.709181 5.66178
53 19177.3 1.8423590355 41.2945907405 0.687401 7.37141
54 23098.7 1.9479075483 43.6603525469 0.801646 7.92009
55 27821.9 2.0687358848 46.3685959510 0.761284 8.56358
56 33511 2.2233987821 49.8352063781 0.697765 9.11193
57 40363.5 2.3946362373 53.6733185475 0.76295 10.6569
58 48617.1 2.6052107452 58.3931304595 0.810767 12.9667
59 58558.4 2.8394605595 63.6436001168 0.751275 11.2791
60 70545.3 3.0994212522 69.4703527781 0.762339 12.7392
61 84970.5 3.3803155962 75.7663117926 0.903905 13.3592
62 102346 3.6850332954 82.5962469120 0.839132 10.612
63 123272 3.9972006059 89.5931574399 0.855146 9.31216
64 148479 4.3135464666 96.6837258875 0.779807 13.5654
65 178841 4.6278759968 103.7291003562 0.791387 9.27867
66 215410 4.9150892467 110.1666911737 0.836012 10.2997
67 259458 5.1922109773 116.3780909210 0.853432 12.6037
68 312513 5.4433374480 122.0068335445 0.722817 10.4566
69 376412 5.6878747224 127.4878860839 0.769685 10.7025
70 453468 5.9027685298 132.3045106712 0.679302 10.4171
71 546194 6.0913159999 136.5306090922 0.810095 11.3716
72 657875 6.2637891272 140.3964175852 0.626416 8.32908
73 792399 6.4283552035 144.0849976281 0.779083 10.4246
74 954430 6.5815363542 147.5183962256 0.65645 8.25311
75 1.14959e+06 6.7319704797 150.8902230658 0.724015 9.17193
76 1.38467e+06 6.8698558801 153.9807830860 0.883132 10.3939
77 1.66781e+06 6.9947232109 156.7795564110 0.724597 7.31746
78 2.00882e+06 7.1040312364 159.2295838424 0.50753 4.81044
79 2.41959e+06 7.2314411644 162.0853468788 0.568639 8.04784
80 2.91491e+06 7.3615108867 165.0007264797 0.634124 9.82734
81 3.51092e+06 7.4564938757 167.1296728923 0.577332 7.6137
82 4.22885e+06 7.5571994816 169.3868859003 0.633068 9.16712
83 5.09357e+06 7.6679365273 171.8689433564 0.773471 10.6964
84 6.13512e+06 7.7320883016 173.3068396711 0.760417 7.26284
85 7.38964e+06 7.8652803151 176.2922022301 0.427227 6.50543
86 8.9007e+06 7.9399061401 177.9648636615 0.748533 7.21828
87 1.07207e+07 8.0296956482 179.9774035196 0.624551 5.52145
88 1.29128e+07 8.1037069597 181.6362912612 0.837213 7.80063
89 1.55532e+07 8.2320078828 184.5120250383 0.619341 7.30707
90 1.8737e+07 8.2896701680 185.8044661009 0.528214 4.9956
91 2.25684e+07 8.3506554722 187.1713892294 0.441486 6.00876
92 2.71832e+07 8.4196425729 188.7176644329 0.423903 4.22124
93 3.27417e+07 8.4923155620 190.3465550475 0.64077 8.56252
94 3.94368e+07 8.5835038362 192.3904468142 0.589428 5.30349
95 4.75009e+07 8.6289920794 193.4100191940 0.635378 4.16784
96 5.7214e+07 8.7055443492 195.1258599127 0.712707 5.74221
97 6.89126e+07 8.8239931675 197.7807688529 0.816317 4.31805
98 8.30041e+07 8.8812915621 199.0650536799 0.670926 4.87512
99 9.99979e+07 8.9105034656 199.7198085772 0.803039 4.10859
